0 0 50 50 153 196
0 0 40 40 157 182
0 0 70 30 186 203
0 0 80 80 83 221
0 0 10 90 75 206
10 20 50 50 151 196
10 20 40 40 165 140
10 20 70 30 276 178
10 20 80 80 134 210
10 20 10 90 64 192
40 70 50 50 170 88
40 70 40 40 203 124
40 70 70 30 145 175
40 70 80 80 150 158
40 70 10 90 100 140
70 60 50 50 166 88 
70 60 40 40 143 137
70 60 70 30 114 110
70 60 80 80 116 77 
70 60 10 90 176 186
50 0 50 50 154 160
50 0 40 40 125 142
50 0 70 30 176 132
50 0 80 80 114 192
50 0 10 90 128 200
20 50 50 50 123 112
20 50 40 40 222 80 
20 50 70 30 125 165
20 50 80 80 127 182
20 50 10 90 160 150
30 80 50 50 180 132
30 80 40 40 146 144
30 80 70 30 190 183
30 80 80 80 164 160
30 80 10 90 102 73
80 40 50 50 181 123
80 40 40 40 170 145
80 40 70 30 165 23
80 40 80 80 170 144
80 40 10 90 180 200
60 90 50 50 134 144
60 90 40 40 165 168
60 90 70 30 214 178
60 90 80 80 136 80
60 90 10 90 187 160
90 10 50 50 207 170
90 10 40 40 146 169
90 10 70 30 164 104
90 10 80 80 152 182
90 10 10 90 182 208